#col1: frequency [GHz]
#col2: Flux Density [mJy] 
#col3: Flux Density err [mJy] 

211.767828  6.864  0.035
211.797267  6.988  0.056
211.826705  6.315  0.083
211.856143  6.174  0.089
211.885582  6.054  0.106
211.915020  6.383  0.117
211.944459  6.449  0.121
211.973897  6.162  0.138
212.003336  6.244  0.143
212.032774  6.509  0.144
212.062212  6.174  0.148
212.091651  6.163  0.157
212.121089  6.324  0.169
212.150528  6.393  0.172
212.179966  6.561  0.175
212.209405  6.476  0.178
212.238843  6.614  0.180
212.268281  6.693  0.187
212.297720  7.243  0.195
212.327158  8.195  0.211
212.356597  9.021  0.217
212.386035  9.904  0.225
212.415473 10.231  0.236
212.444912  9.867  0.231
212.474350 10.366  0.236
212.503789  9.626  0.231
212.533227  9.280  0.238
212.562666  9.912  0.249
212.592104 10.038  0.251
212.621542 10.528  0.267
212.650981 10.484  0.266
212.680419  9.938  0.257
212.709858 10.326  0.274
212.739296  9.451  0.270
212.768735  9.249  0.280
212.798173  8.912  0.279
212.827611  8.472  0.289
212.857050  7.698  0.282
212.886488  7.550  0.295
212.915927  8.052  0.310
212.945365  7.461  0.308
212.974803  7.750  0.331
213.004242  6.832  0.316
213.033680  6.691  0.303
213.063119  6.507  0.317
213.092557  6.523  0.325
213.121996  7.344  0.359
213.151434  7.020  0.361
213.180872  6.543  0.330
213.210311  6.510  0.334
213.239749  7.021  0.370
213.269188  6.746  0.379
213.298626  6.230  0.352
213.769641  6.789  0.046
213.799079  7.198  0.082
213.828518  7.536  0.095
213.857956  6.493  0.096
213.887395  6.820  0.108
213.916833  6.489  0.121
213.946271  6.612  0.126
213.975710  6.796  0.135
214.005148  6.171  0.131
214.034587  6.654  0.142
214.064025  6.690  0.154
214.093464  6.632  0.162
214.122902  6.028  0.155
214.152340  6.293  0.165
214.181779  6.742  0.182
214.211217  7.167  0.190
214.240656  6.908  0.193
214.270094  6.901  0.201
214.299532  6.980  0.205
214.328971  7.550  0.207
214.358409  8.047  0.205
214.387848  8.775  0.212
214.417286  9.214  0.216
214.446725  9.896  0.212
214.476163 10.200  0.223
214.505601  9.805  0.222
214.535040  9.373  0.216
214.564478  9.083  0.221
214.593917  9.193  0.234
214.623355  9.130  0.242
214.652794  9.000  0.233
214.682232  8.459  0.233
214.711670  9.089  0.257
214.741109  8.892  0.260
214.770547  8.602  0.266
214.799986  7.885  0.277
214.829424  7.059  0.271
214.858862  7.258  0.274
214.888301  6.956  0.305
214.917739  5.736  0.274
214.947178  6.508  0.294
214.976616  6.425  0.297
215.006055  6.218  0.304
215.035493  6.707  0.326
215.064931  7.441  0.345
215.094370  7.173  0.370
215.123808  7.393  0.359
215.153247  6.831  0.348
215.182685  6.728  0.349
215.212124  5.669  0.311
215.241562  6.428  0.368
215.271000  6.846  0.361
226.222093  8.133  0.061
226.251532  7.860  0.085
226.280970  7.435  0.099
226.310409  7.211  0.102
226.339847  7.916  0.121
226.369285  6.914  0.121
226.398724  7.359  0.126
226.428162  7.682  0.149
226.457601  8.030  0.165
226.487039  8.581  0.170
226.516478  9.296  0.183
226.545916  9.597  0.185
226.575354  9.948  0.199
226.604793  9.976  0.211
226.634231  9.519  0.205
226.663670  9.218  0.205
226.693108  9.137  0.213
226.722547  9.286  0.218
226.751985  8.865  0.227
226.781423  9.144  0.254
226.810862  8.837  0.239
226.840300  8.713  0.247
226.869739  9.190  0.267
226.899177  8.153  0.246
226.928616  7.633  0.247
226.958054  9.098  0.297
226.987492  9.411  0.310
227.016931  7.852  0.270
227.046369  7.398  0.283
227.075808  8.150  0.305
227.105246  7.616  0.293
227.134684  7.858  0.318
227.164123  8.064  0.311
227.193561  8.094  0.326
227.223000  7.565  0.339
227.252438  7.329  0.317
227.281877  7.041  0.328
227.311315  7.258  0.350
227.340753  6.830  0.344
227.370192  6.773  0.362
227.399630  6.559  0.358
227.429069  6.788  0.370
227.458507  6.454  0.378
227.487946  7.107  0.377
227.517384  6.881  0.361
227.546822  7.287  0.377
227.576261  6.989  0.366
227.605699  7.142  0.356
227.635138  7.297  0.353
227.664576  7.597  0.357
227.694014  7.748  0.372
227.723453  7.772  0.377
227.752891  8.117  0.398
227.782330  7.500  0.387
227.811768  6.980  0.363
227.841207  7.908  0.378
228.223906  7.897  0.056
228.253345  7.794  0.083
228.282783  8.202  0.098
228.312221  7.714  0.101
228.341660  7.779  0.113
228.371098  8.264  0.124
228.400537  7.595  0.131
228.429975  7.834  0.140
228.459413  7.747  0.142
228.488852  7.712  0.149
228.518290  7.979  0.163
228.547729  8.028  0.175
228.577167  7.638  0.163
228.606606  8.068  0.182
228.636044  7.542  0.193
228.665482  8.690  0.221
228.694921  7.591  0.198
228.724359  7.530  0.208
228.753798  8.091  0.216
228.783236  8.416  0.235
228.812675  7.914  0.229
228.842113  7.547  0.231
228.871551  7.657  0.234
228.900990  7.943  0.256
228.930428  7.695  0.257
228.959867  7.907  0.266
228.989305  7.858  0.253
229.018743  7.766  0.256
229.048182  7.289  0.251
229.077620  7.882  0.274
229.107059  7.731  0.279
229.136497  8.132  0.287
229.165936  8.118  0.299
229.195374  8.547  0.307
229.224812  7.371  0.287
229.254251  7.987  0.310
229.283689  7.616  0.308
229.313128  8.471  0.342
229.342566  8.419  0.323
229.372005  7.726  0.326
229.401443  8.089  0.330
229.430881  8.486  0.345
229.460320  7.923  0.354
229.489758  8.029  0.353
229.519197  8.300  0.344
229.548635  7.725  0.342
229.578073  8.157  0.351
229.607512  7.999  0.353
229.636950  8.570  0.371
229.666389  7.726  0.382
229.695827  8.009  0.371
